  -8.7761879e-04
   1.1421442e-03
  -1.1028051e-03
   1.3078451e-03
  -1.1233091e-03
   1.2918711e-03
  -9.2387199e-04
   8.7165833e-04
  -3.4630299e-04
  -3.9339066e-05
   8.9502335e-04
  -1.6995668e-03
   3.0024052e-03
  -4.3257475e-03
   6.4020157e-03
  -8.7213516e-03
   1.2250900e-02
  -1.7268062e-02
   2.6841760e-02
  -3.7337780e-02
  -3.9812922e-02
   5.3494215e-02
  -8.6038113e-03
   1.8593073e-02
   1.3719201e-02
   4.2332411e-03
   3.4025908e-03
   5.7041645e-04
  -1.1519313e-02
  -3.0392408e-03
   3.4685135e-03
  -4.4524670e-03
  -4.1272640e-03
  -4.3323040e-03
  -2.0421743e-03
   5.5727959e-03
   3.3075809e-03
   2.9975176e-03
   3.8057566e-03
  -1.7281771e-03
  -2.2737980e-03
  -4.7173500e-03
  -3.5705566e-03
  -1.6930103e-03
   1.9944906e-03
   2.4023056e-03
  -6.1953068e-04
  -1.7580986e-03
  -1.7912388e-03
  -3.8491488e-03
  -1.9890070e-03
  -1.0997057e-03
   8.9120865e-04
  -1.7249584e-04
   2.7394295e-04
  -1.2257099e-03
  -1.5968084e-03
   4.4941902e-05
  -4.9352646e-05
  -1.2365580e-03
   1.0609627e-05
  -8.4125996e-04
  -2.9325485e-04
  -2.0945072e-04
  -7.4231625e-04
   3.0851364e-04
  -5.0604343e-04
  -7.3194504e-05
   1.1155605e-03
   1.3877153e-03
   4.0078163e-04
  -3.9756298e-04
  -2.2792816e-03
  -9.3436241e-04
  -4.6364069e-03
  -1.3130903e-03
   1.9041300e-03
   8.1517696e-03
  -2.3448467e-04
   1.1067390e-03
   4.0620565e-03
  -2.9962063e-03
   1.3046265e-03
  -2.0064116e-03
   2.9516220e-03
  -5.0306320e-05
  -5.3688288e-03
   9.8657608e-04
   5.2616596e-03
  -6.8068504e-04
   1.5830994e-03
  -1.6381741e-03
   4.6050549e-04
   1.2434721e-03
  -1.9893646e-03
   2.6632547e-03
  -8.2564354e-04
   1.5182495e-03
   2.0527840e-04
   1.2662411e-03
   1.4829636e-04
  -1.9649267e-03
   2.1355152e-03
  -4.1770935e-04
  -6.2835217e-04
   1.4076233e-03
  -1.4162064e-04
  -2.9718876e-04
   1.7428398e-04
   1.0420084e-03
  -3.7705898e-04
  -1.2034178e-03
   1.3884306e-03
  -6.7698956e-04
   3.3974648e-04
  -1.2207031e-04
   5.3858757e-04
  -1.5795231e-04
  -6.2644482e-04
   1.2178421e-03
  -6.8950653e-04
   1.9598007e-04
   1.1128187e-03
   1.9645691e-04
  -1.0212660e-03
   8.1455708e-04
   4.8160553e-05
   2.3329258e-04
  -1.1502504e-03
  -9.6821785e-04
   8.1706047e-04
  -8.0358982e-04
   2.5272369e-05
   1.1589527e-03
   3.3378601e-04
  -6.1786175e-04
  -2.0682812e-04
  -3.8266182e-05
   2.8777122e-04
   2.4724007e-04
   3.0875206e-04
  -1.5854836e-04
  -6.7210197e-04
  -8.2337856e-04
   2.4342537e-04
   1.4925003e-04
  -3.9935112e-05
   4.7028065e-04
  -9.9253654e-04
  -2.3293495e-04
   4.9555302e-04
  -5.8650970e-05
   6.3407421e-04
   8.0966949e-04
  -7.0261955e-04
   1.1312962e-04
   2.7132034e-04
  -4.2343140e-04
  -3.8707256e-04
   1.0979176e-04
   3.4284592e-04
  -1.1467934e-04
  -1.4317036e-04
  -8.7094307e-04
   3.0767918e-04
  -7.6532364e-04
  -4.2688847e-04
  -1.5993118e-03
  -5.6409836e-04
   3.8431883e-03
   8.9514256e-04
   1.2290478e-04
   2.1278858e-04
   1.1280775e-03
   1.1062622e-03
   1.1968613e-04
  -3.8564205e-04
   3.3485889e-04
  -1.7702579e-04
  -1.6237497e-03
  -1.1038780e-03
  -1.7073154e-03
  -1.4901161e-05
  -1.1894703e-03
   2.6226044e-04
   3.7324429e-04
  -2.7465820e-04
   2.1529198e-04
  -3.6942959e-04
  -3.6954880e-06
   5.6982040e-04
  -3.2460690e-04
  -1.9010305e-03
  -1.5144348e-03
  -1.1570454e-03
  -9.0813637e-04
   2.3460388e-04
   7.2836876e-04
   2.7284622e-03
  -2.1964312e-03
  -2.5359392e-03
   2.2960901e-03
  -3.5321712e-04
  -2.0766258e-04
   2.5391579e-05
   2.0810366e-03
   6.0606003e-04
  -1.5000105e-03
  -1.9967556e-04
  -3.2365322e-04
  -1.2911558e-03
  -1.1132956e-03
   1.1110306e-04
  -1.0204315e-04
   4.5299530e-05
   2.2890568e-03
  -1.7167330e-03
   1.3083220e-03
   1.0839701e-03
   7.5781345e-04
  -1.6930103e-03
  -4.2487383e-03
   1.1287928e-03
   8.1300735e-04
   1.3542175e-04
   1.8799305e-04
   3.6045313e-03
   1.2153387e-03
   1.9931793e-04
  -8.9097023e-04
  -1.5268326e-03
   1.6689301e-05
  -1.4828444e-03
   2.1958351e-04
  -2.5987625e-04
   2.4449825e-04
   1.0159016e-03
  -9.9313259e-04
   1.2234449e-03
  -1.4097691e-03
   8.4066391e-04
  -3.5679340e-04
  -3.8611889e-04
  -6.0474873e-04
  -6.4361095e-04
  -6.1500072e-04
  -4.9388409e-04
  -5.4991245e-04
   3.2031536e-03
  -2.5182962e-03
  -5.1133633e-03
   7.1898699e-03
  -1.1688471e-03
   8.1694126e-04
   2.5199652e-03
  -8.8751316e-04
   1.3185740e-03
  -2.1213293e-03
  -1.0585785e-03
  -4.3511391e-04
  -2.9295683e-03
   3.4857988e-03
   8.0883503e-04
  -1.1007786e-03
  -8.1622601e-04
   1.9507408e-03
   4.2796135e-05
  -2.0772219e-03
   5.1931143e-03
  -7.1108341e-04
   1.3929605e-03
  -3.7074089e-04
  -3.7544966e-03
   7.3122978e-04
  -9.2339516e-04
   1.1054277e-03
   1.4902353e-03
   1.6661882e-03
   6.5767765e-04
  -2.2510290e-03
  -9.0479851e-05
  -5.1343441e-04
   3.0338764e-04
   9.1576576e-04
   1.1898279e-03
  -7.4791908e-04
  -1.1621714e-03
   6.2441826e-04
  -3.9989948e-03
   3.9668083e-03
  -1.4564991e-03
  -1.9867420e-03
   3.5787821e-03
  -1.1773109e-03
   1.8076897e-03
   1.1193752e-04
   2.9679537e-03
   5.6254864e-04
   2.2387505e-03
  -2.7552843e-03
   1.1930466e-03
  -4.5409203e-03
   3.9887428e-04
   6.3276291e-04
  -1.5450716e-03
   3.4509897e-03
  -6.2515736e-03
   5.3875446e-03
   1.5307665e-03
   2.5949478e-03
  -3.5178661e-04
  -2.7096272e-04
   2.3362637e-03
  -1.5590191e-03
   3.3879280e-04
   2.0568371e-03
   1.3839006e-03
  -1.7548800e-03
  -2.8944016e-04
  -1.0793209e-03
  -9.3698502e-04
   2.6547909e-03
  -1.9953251e-03
  -2.2364855e-03
   2.2565126e-03
   1.9670725e-03
   1.4020205e-03
  -2.9599667e-04
   1.9291639e-03
  -4.5049191e-04
  -1.9458532e-03
  -2.3756027e-03
   6.2584877e-05
  -6.6184998e-04
   1.4249086e-03
   3.3915043e-04
  -2.4646521e-03
   2.2741556e-03
  -2.1185875e-03
  -7.6496601e-04
   4.9793720e-04
   1.0842085e-03
   2.6663542e-03
   3.5662651e-03
   1.1619329e-03
  -1.4102459e-03
  -1.1374950e-03
  -5.9068203e-04
  -7.4863434e-05
  -1.5431643e-03
  -1.0737181e-03
  -1.0887384e-03
  -9.0897083e-04
  -2.3752451e-03
   2.7270317e-03
   8.6545944e-05
   1.6062260e-03
   2.3336411e-03
  -3.8743019e-05
   9.8991394e-04
   1.0229349e-03
   1.6034842e-03
  -1.8552542e-03
   1.6455650e-03
  -2.0796061e-03
   9.4771385e-05
  -2.9398203e-03
  -1.4868975e-03
   5.2404404e-04
   6.0057640e-04
   4.7338009e-04
   9.5427036e-04
   8.4471703e-04
  -3.6540031e-03
   1.8038750e-03
  -2.5079250e-03
   3.2624006e-03
   7.0059299e-04
   1.1798143e-03
  -1.1459589e-03
  -1.9738674e-03
   1.9872189e-03
  -1.7466545e-03
   7.3349476e-04
  -2.6707649e-03
   5.5909157e-05
  -3.9696693e-04
  -6.2417984e-04
   2.9432774e-04
   6.2584877e-05
  -5.1033497e-04
   1.7797947e-04
  -5.6505203e-04
  -2.4604797e-04
  -1.3636351e-03
  -1.8079281e-03
   5.6743622e-05
  -4.6253204e-05
   1.2826920e-04
  -2.3218393e-03
   2.2567511e-03
   1.8489361e-04
  -5.7256222e-04
  -8.9073181e-04
  -5.2487850e-04
   9.4640255e-04
  -2.3779869e-03
   1.9596815e-03
  -1.0637045e-03
  -3.8802624e-04
   1.0817051e-03
  -3.4583807e-03
   1.7212629e-03
   1.9631386e-03
  -1.9838810e-03
   5.1224232e-04
  -7.8952312e-04
   8.9168549e-04
   4.6086311e-04
   1.1193752e-04
   1.6804934e-03
  -7.6949596e-04
