   8.7535381e-04
   4.3381453e-03
  -1.4334083e-02
   4.0119767e-02
  -1.2417555e-01
   2.9302001e-02
   6.2299609e-02
  -4.6818256e-03
   4.4230223e-02
  -1.6767979e-02
   4.5878887e-03
  -1.1915326e-02
  -9.1995001e-03
  -2.2667646e-02
   4.8741102e-03
   2.0027041e-02
   2.8053522e-03
  -4.5561790e-04
  -1.7464161e-03
  -1.1114120e-02
  -2.2611618e-03
   1.5258789e-04
   7.1117878e-03
   5.8169365e-03
  -1.8132925e-03
  -6.6280365e-04
  -3.3264160e-03
  -2.9665232e-03
   1.0001659e-03
   3.0744076e-04
  -1.0383129e-04
  -1.7931461e-03
  -3.6189556e-03
  -5.9306622e-03
  -2.3314953e-03
   3.0753613e-03
   4.5976639e-03
   2.0581484e-03
  -8.9371204e-04
  -4.2775869e-03
  -4.3789148e-03
  -2.2368431e-03
   3.9267540e-04
   7.7915192e-04
   1.6517639e-03
   3.2761097e-03
  -1.0943413e-03
  -8.8095665e-04
  -6.4289570e-04
  -1.0244846e-03
  -9.4223022e-04
  -4.6682358e-04
   1.1218786e-03
   8.4149837e-04
   1.7344952e-03
   1.3506413e-04
   2.1345615e-03
  -5.7170391e-03
  -5.6930780e-03
   1.6863346e-03
   4.2222738e-03
   2.8988123e-03
   3.1253099e-03
   6.5382719e-03
  -5.5090189e-03
   6.4289570e-04
  -1.4972687e-03
   9.1660023e-04
   4.2760372e-04
   1.3450384e-03
   3.0956268e-03
  -7.2383881e-04
   1.6939640e-04
  -2.0439625e-03
   2.5187731e-03
  -4.9557686e-03
   4.0888786e-04
   2.9505491e-03
   1.7997026e-03
   3.0517578e-05
  -2.3305416e-03
   2.0247698e-03
   2.5768280e-03
   1.3124943e-04
   1.0181665e-03
   3.1737089e-03
   2.2506714e-04
  -1.8441677e-03
  -1.5796423e-03
  -7.1358681e-04
  -3.0362606e-04
   4.9364567e-04
   2.1538734e-03
   1.8494129e-03
   1.0788441e-04
  -1.0867119e-03
  -4.0042400e-04
   4.7779083e-04
   5.2964687e-04
   1.2621880e-03
  -1.1025667e-03
  -4.5073032e-04
  -8.2409382e-04
  -6.9272518e-04
   7.0214272e-04
   1.2751818e-03
   2.1544695e-03
   3.0779839e-04
   2.0539761e-04
   4.1949749e-04
  -7.1036816e-04
  -7.0881844e-04
  -7.5519085e-04
  -7.2371960e-04
   2.0790100e-04
  -3.3295155e-04
   3.8826466e-04
   4.0960312e-04
  -3.5321712e-04
   7.8439713e-05
  -1.9598007e-04
  -9.4175339e-05
   9.2029572e-05
   2.6857853e-04
  -4.4345856e-05
   9.6082687e-05
  -1.4972687e-04
   2.1946430e-04
   2.4509430e-04
  -1.9514561e-04
  -5.8495998e-04
  -9.3376637e-04
  -8.4102154e-04
  -8.5854530e-04
  -2.4831295e-04
   1.0555983e-03
   1.2004375e-03
   8.6665154e-04
  -7.5817108e-05
   7.9631805e-05
  -2.8240681e-04
  -9.6201897e-05
   3.7908554e-05
   4.5692921e-04
  -7.6067448e-04
  -2.1255016e-04
  -4.3153763e-04
  -1.0702610e-03
   2.5422573e-03
  -1.3843775e-03
  -2.6098490e-03
  -1.0160208e-03
   2.9039383e-04
   8.6879730e-04
   2.2149086e-04
   1.8678904e-03
   1.8835068e-03
   1.6514063e-03
   6.6065788e-04
  -1.2482405e-03
  -2.0289421e-04
  -4.3153763e-05
  -4.3237209e-04
  -1.2946129e-04
  -7.5018406e-04
  -9.1099739e-04
  -6.9057941e-04
  -2.6569366e-03
  -2.3555756e-04
   4.6002865e-04
  -2.4080276e-05
   6.8449974e-04
  -6.7353249e-04
   9.2434883e-04
  -1.1650324e-03
  -4.6396255e-04
   1.6987324e-04
  -1.8059015e-03
  -2.0115376e-03
  -1.0876656e-03
   4.0805340e-04
   6.5541267e-04
   3.2210350e-04
   5.9711933e-04
   1.0010004e-03
   1.8980503e-03
  -4.1246414e-03
  -1.7043352e-03
   4.2939186e-04
   8.0657005e-04
   1.9868612e-03
   2.2029877e-04
   1.5931129e-03
  -1.5407801e-03
  -9.5307827e-04
  -1.8151999e-03
   3.9982796e-04
  -4.0709972e-04
   9.5272064e-04
   1.8751621e-04
   3.3378601e-04
   3.5035610e-04
   7.5685978e-04
  -3.6935806e-03
  -2.2873878e-03
   3.6715269e-03
   6.6840649e-04
   1.6317368e-03
  -2.4387836e-03
   4.6622753e-04
   7.0679188e-04
   1.0209084e-03
  -2.8991699e-04
   1.1843443e-03
   2.2839308e-03
  -3.5190582e-04
  -1.4276505e-03
  -2.8599501e-03
  -2.3007393e-04
  -3.8504601e-04
   8.2743168e-04
   1.6510487e-04
   1.0638237e-03
  -1.2470484e-03
   5.7148933e-04
   2.2220612e-04
   1.2279749e-03
  -1.5687943e-04
  -2.4272203e-03
  -1.5854836e-04
  -3.5527945e-03
  -1.0545254e-03
   5.1176548e-04
   2.5300980e-03
   2.3688078e-03
   1.6741753e-03
  -1.0228157e-04
  -8.0144405e-04
  -4.3976307e-04
   1.0279417e-03
  -5.7777166e-03
  -2.6630163e-03
   4.6508312e-03
  -9.7310543e-04
   3.0683279e-03
   2.0524263e-03
  -2.1638870e-03
   1.7936230e-03
  -1.1538267e-03
  -4.1908026e-03
   4.7254562e-04
   2.6793480e-03
   2.9051304e-04
  -9.7870827e-04
   4.0388107e-04
   9.2661381e-04
   1.2584925e-03
  -2.5717020e-03
   7.2467327e-04
   3.3612251e-03
  -3.2544136e-05
  -7.1823597e-04
   2.9349327e-04
  -1.1417866e-03
   3.8945675e-04
   4.0817261e-04
  -2.0599365e-04
  -8.1753731e-04
   8.2182884e-04
   5.1379204e-04
   3.2043457e-04
   3.4272671e-04
  -9.4485283e-04
   1.5975237e-03
  -1.7082691e-04
   1.3483763e-03
  -6.0379505e-04
  -1.8151999e-03
  -1.6665459e-04
   1.4183521e-03
  -2.4443865e-03
  -8.7070465e-04
   1.3009310e-03
   2.0018816e-03
   2.7611256e-03
   1.9836426e-03
   9.9647045e-04
  -2.4235249e-04
   6.1845779e-04
  -3.9954185e-03
   2.0846128e-03
  -2.0170212e-03
  -2.1786690e-03
   1.1956692e-03
  -4.2843819e-04
  -7.8725815e-04
   2.4707317e-03
   4.3705702e-03
  -5.0783157e-05
   1.5844107e-03
  -1.1612177e-03
   1.7272234e-03
   5.9068203e-04
  -1.4233589e-04
   1.1322498e-03
   6.2775612e-04
  -2.8562546e-04
  -7.9381466e-04
  -1.2586117e-03
  -1.7415285e-03
   6.5791607e-04
  -4.5728683e-04
  -5.1736832e-05
   2.5682449e-03
   5.5646896e-04
  -3.0958652e-04
   8.4984303e-04
  -3.7753582e-04
  -7.0273876e-04
  -1.3827085e-03
   3.2186508e-05
   5.2189827e-04
  -6.8068504e-04
  -1.6157627e-03
  -6.3693523e-04
  -2.1934509e-05
   5.6588650e-04
  -4.4131279e-04
  -4.8303604e-04
   2.2773743e-03
   3.8099289e-04
   1.7622709e-03
   2.0338297e-03
   2.5033951e-04
   1.4102459e-03
  -2.4484396e-03
  -1.0128021e-03
  -1.8440485e-03
  -3.2147169e-03
   1.1323690e-03
  -2.7840137e-03
   5.3906441e-04
   2.7585030e-03
   3.4368038e-04
   1.8415451e-03
   1.9476414e-03
   1.5515089e-03
   3.6036968e-04
   2.0563602e-04
  -6.8151951e-04
   5.6385994e-05
  -1.0275841e-03
  -6.4337254e-04
  -1.7157793e-03
  -1.0352135e-03
   1.5324354e-03
  -3.2663345e-05
   2.4914742e-04
   1.8107891e-04
   3.9184093e-04
   3.3283234e-04
   5.9783459e-04
   3.2186508e-04
  -1.6273260e-03
  -5.6147575e-04
  -2.0170212e-04
   3.9958954e-04
  -1.5854836e-05
   3.2663345e-05
   1.4667511e-03
  -1.1630058e-03
  -2.4318695e-04
  -1.9195080e-03
  -6.3085556e-04
  -2.8848648e-05
   1.2445450e-04
  -8.9812279e-04
  -8.9144707e-04
   1.2003183e-03
  -1.3601780e-03
   1.6248226e-04
  -1.3984442e-03
   9.8299980e-04
   3.2222271e-04
  -1.4258623e-03
  -7.3921680e-04
  -1.8023252e-03
  -2.0790100e-04
  -3.0350685e-04
  -1.5423298e-03
   1.0483265e-03
   1.8320084e-03
   9.2399120e-04
   8.5568428e-04
  -3.7741661e-04
  -8.8477135e-04
  -2.4079084e-03
   8.3482265e-04
   5.4717064e-05
   5.8889389e-05
   5.7685375e-04
  -1.4379025e-03
  -1.5616417e-03
  -7.3909760e-04
   1.4315844e-03
  -2.3090839e-04
